10,181
10,111
10,291
10,93
10,119
10,225
10,123
10,2
10,3
9,7
9,2
9,3
8,13
68,4
68,3
68,2
68,1
68,0
66,3
66,2
66,1
66,0
65,5
65,4
65,3
65,2
65,1
65,0
64,4
64,3
64,2
64,1
64,0
63,4
63,3
63,2
63,1
63,0
62,4
62,3
62,2
62,1
62,0
61,3
61,2
61,1
61,0
20,3
20,2
20,1
19,3
19,2
19,1
12,3
12,2
12,1
11,28
11,27
11,26
11,25
11,24
11,23
11,22
11,21
11,20
11,19
11,18
11,17
11,16
11,15
11,14
11,13
11,12
11,11
11,10
11,9
11,8
11,7
11,6
11,5
11,4
11,3
11,2
18,1
11,1
18,3
14,1
10,302
14,3
13,1
10,290
10,279
10,276
10,275
13,3
10,273
10,267
10,266
10,262
10,255
10,243
10,236
10,232
10,229
10,215
10,214
10,208
10,207
10,206
10,202
10,200
10,196
10,189
2,2
2,1
10,185
10,177
